3344|12
254|11
1536|1
2877|12
1763|9
670|4
268|2
1324|10
1096|5
1577|1
725|1
3347|1
2286|2
1116|12
216|5
2420|13
57|2
1656|1
2075|12
2139|8
1688|13
725|1
3566|12
699|10
985|5
1003|3
2504|5
2846|8
1823|14
2909|14
3438|7
454|2
510|6
2202|13
2553|6
1404|12
2086|8
1579|14
1732|2
2679|13
940|12
115|8
2111|11
1511|6
3593|12
2300|5
260|10
2741|7
865|6
168|9
3493|5
2156|1
2746|14
413|9
1079|4
2803|14
315|4
1112|14
1344|1
2759|11
153|12
3395|12
261|3
1568|11
2074|13
1816|2
3482|6
2388|11
3083|2
2678|2
1181|2
1418|5
1910|5
2602|5
2562|13
2349|1
2064|11
2375|2
2828|7
880|3
3248|2
747|11
2115|4
2224|9
810|3
2881|2
894|4
645|10
3124|8
2089|1
1697|7
2987|3
1023|2
2677|10
3434|13
2788|9
3091|4
2583|14
2009|13
869|2
286|10
1461|11
1592|11
367|12
1805|1
2770|7
1162|11
1182|4
548|10
3316|5
1407|5
1247|9
682|6
642|3
145|11
2632|12
3400|2
516|3
1235|6
2350|8
963|11
1942|10
3195|5
1159|2
1457|9
2865|14
3075|13
1463|10
574|7
1443|13
985|8
3166|11
59|8
2056|4
2662|3
2660|13
1293|8
1406|6
1266|5
2047|6
3020|4
2266|14
334|11
2066|1
2273|14
3037|6
842|2
2482|2
2661|3
720|2
3438|13
3054|13
2141|3
2977|3
2161|5
1151|2
2916|10
1865|14
3072|8
549|12
2677|6
2625|14
240|3
1406|6
12|8
3299|5
63|5
3062|6
91|4
1193|2
2866|11
2143|5
2530|4
380|2
2863|7
731|4
2651|10
895|6
3514|13
1298|9
2982|4
3219|11
310|1
1216|7
2169|12
3614|11
1748|1
720|14
2810|2
2814|1
1878|10
102|1
2547|4
1446|13
1868|1
10|12
2119|11
535|8
1655|10
1257|5
1972|14
2098|6
942|3
609|9
2096|6
1499|7
2370|2
621|14
1987|11
1242|13
2034|6
1822|5
2167|8
1816|8
3525|14
1919|10
78|9
321|14
2882|9
1640|9
3480|5
1989|12
2123|7
3275|12
2028|1
680|4
1973|6
108|11
1068|1
3057|1
734|12
461|9
2756|2
3129|8
1914|9
1755|6
1689|4
132|3
2888|5
1426|5
1636|1
1722|1
1594|6
1104|9
3512|13
1397|7
2488|14
3554|9
1070|10
930|6
2844|2
124|8
796|6
1534|3
1926|14
10|6
3136|1
2800|2
146|10
2454|7
3517|8
3049|13
427|5
2316|9
3381|2
1782|8
1132|10
2210|6
1249|8
1757|4
3527|12
2023|13
1894|14
742|1
2949|1
3563|4
1035|1
2058|3
2636|9
807|12
3601|5
1710|5
1638|14
887|1
3533|10
1689|10
573|12
2523|14
2790|12
591|8
1353|5
1718|4
2694|6
69|5
1085|14
2080|3
1693|14
2709|10
2757|9
297|6
2190|12
3126|14
107|2
2992|2
1701|5
2619|1
905|13
2065|1
2591|11
1716|4
2447|6
964|1
2229|1
241|3
130|7
532|11
349|7
2096|14
999|5
3372|14
2796|12
1485|4
935|9
3414|4
1200|7
2972|14
2673|1
1661|9
1459|4
2130|8
287|11
2724|8
3251|8
2294|12
2178|6
919|3
3561|10
2233|3
1291|1
1126|12
195|1
1090|1
3137|7
1013|9
570|6
1084|12
2473|12
1422|4
1167|4
1195|5
1323|5
294|3
782|8
1055|2
386|9
1083|7
3237|2
3588|11
3576|2
1253|7
483|7
1200|9
1138|6
598|4
2066|13
296|2
3070|11
2073|10
1830|1
1601|5
1304|7
1537|4
684|7
3151|6
3553|12
920|10
2983|13
692|13
364|3
2233|11
3578|8
1718|1
238|14
1329|3
370|12
2904|14
3003|13
3610|2
2094|13
532|8
2671|2
951|10
3162|14
824|9
2601|9
969|9
1281|9
268|12
3316|2
2575|11
2924|12
1171|5
2808|11
2843|1
3208|5
857|6
2321|14
2092|2
1518|13
3354|4
711|8
1175|14
2649|4
2152|6
3460|1
2467|13
1532|2
3197|11
1573|13
1248|6
459|7
1227|12
1685|11
194|7
2205|6
497|6
2535|9
574|1
241|2
2216|13
2333|13
1752|7
2699|1
2395|12
3329|5
1464|11
1037|7
689|6
157|11
2132|7
842|11
2044|5
2086|5
933|1
3229|1
2559|7
387|7
3431|1
371|13
3508|14
2117|3
742|12
1846|4
2646|1
102|8
3061|5
1079|3
26|1
310|10
1834|6
276|9
1424|13
851|1
1082|8
2085|6
2442|2
2697|13
341|5
2242|5
3482|5
2085|13
1493|7
1889|1
2675|1
1403|7
728|12
1291|3
3581|4
2248|2
101|13
1355|9
2780|5
921|14
2126|14
1920|13
1146|8
1074|6
2797|9
3275|12
2695|2
335|7
1247|4
324|4
2140|14
2609|9
2134|8
3497|4
191|9
829|14
660|5
2765|14
2972|5
2118|11
1274|10
778|3
762|10
2459|4
2095|13
41|13
840|3
1781|4
486|11
1936|8
2362|6
1623|2
997|9
2187|11
1304|13
2897|6
1899|5
2408|5
2203|13
2600|3
1963|1
2533|13
1456|10
2773|9
1830|13
978|13
2115|6
688|8
74|1
3175|1
2714|8
2588|4
2449|7
1448|13
1363|2
986|6
3335|1
1787|8
2215|7
3316|4
2373|1
2125|9
1778|10
2390|1
1275|12
237|9
498|4
1504|6
189|12
89|10
3329|10
1507|9
2247|10
3566|2
2415|3
671|8
2447|13
1592|7
3157|3
2772|5
2440|6
257|3
3593|8
3024|14
369|14
560|11
689|1
999|7
2896|6
2930|14
869|14
849|10
1878|2
2745|1
337|5
2097|2
3585|3
647|8
2068|13
2932|8
501|7
85|6
2729|13
2801|2
752|11
652|6
1576|10
2348|8
2561|9
1680|1
2501|8
524|10
2158|3
3573|12
2855|3
1596|2
2130|7
3433|10
1732|4
2371|3
352|2
2954|10
3176|8
1216|10
199|2
607|6
202|3
2916|10
264|3
1546|4
2941|12
822|12
3542|14
179|13
1663|11
521|14
2482|10
1160|1
2565|13
703|7
2598|9
197|13
3479|4
570|11
308|8
1816|13
3250|7
1489|9
3065|1
1776|12
2662|11
3559|1
3336|7
246|7
1690|11
1331|8
2032|11
1924|1
703|9
1080|7
2037|13
1328|14
3105|4
309|2
3306|12
1500|11
1194|12
453|4
3469|14
2766|5
91|8
3414|7
871|3
973|7
364|6
2971|4
401|2
737|2
639|11
2212|3
3533|14
534|9
2818|14
3188|1
177|2
891|1
2492|5
1097|13
2778|5
2584|1
827|5
387|13
1578|13
505|7
913|1
2049|7
3563|10
59|13
900|2
1534|8
3382|1
3476|13
19|14
2546|3
1911|8
554|1
2874|14
600|9
2900|12
538|2
1580|11
1393|1
448|8
2531|12
735|2
3478|8
2398|11
3205|14
2991|4
2523|13
2632|1
1117|6
1599|9
41|2
764|7
236|3
1986|9
741|1
2232|4
3502|4
1108|2
1035|13
480|13
3548|2
353|3
2162|6
1720|6
1245|6
2108|5
2195|3
391|8
1580|11
2879|3
1381|2
267|5
3481|13
588|14
157|6
3095|4
128|7
493|13
494|10
829|7
1354|13
890|9
356|1
1676|10
1650|5
630|3
2139|10
454|12
381|6
1292|14
562|9
1690|12
475|10
653|11
2451|11
3402|13
2370|2
1577|8
2757|2
1597|3
3024|5
1750|8
516|5
3217|8
1238|8
3434|2
408|6
1548|5
2435|8
2469|10
33|13
1799|11
3517|7
3221|1
1383|5
2027|8
3540|8
2876|7
68|9
1870|9
3040|12
2623|6
1493|10
2397|14
2334|9
130|10
1971|11
2604|7
3052|1
1659|7
78|12
1058|12
1626|14
1376|4
1875|2
2016|1
1713|1
2232|8
2898|11
1170|2
2325|5
2787|1
285|1
3144|12
3205|11
3534|2
1824|12
949|13
1628|5
609|5
3582|14
3168|3
1728|5
3073|2
2903|2
457|6
883|1
799|2
3532|14
2828|14
124|2
1908|9
449|9
3077|14
1028|2
2547|7
2012|7
2319|12
3264|2
1947|12
3537|8
1397|14
51|9
2630|11
103|2
1085|10
99|4
804|10
699|12
1190|2
1931|6
2154|13
3332|13
917|14
700|9
2749|4
1203|3
1101|4
3050|13
1635|10
1911|11
937|1
1815|5
2749|9
2851|5
2183|1
3009|4
1923|1
3512|8
2529|1
2427|12
555|13
1897|7
3311|11
3345|14
1505|10
812|12
327|1
1529|14
3433|13
456|8
772|9
224|5
2472|13
2779|2
505|7
1183|8
3440|9
2073|12
1833|8
352|14
1535|6
1034|3
2912|10
938|14
1258|10
1625|1
291|5
3144|10
2201|7
3289|1
996|4
3543|5
1978|6
2909|10
1468|6
3371|2
3515|4
1010|13
1876|11
1688|12
2907|7
1341|2
2094|1
3597|4
2961|2
2319|7
324|2
885|12
2664|1
2087|13
1654|5
60|12
1153|12
1112|4
1425|11
2200|5
29|10
2747|3
927|12
3298|6
2697|13
1197|6
435|4
2737|13
134|1
1278|11
3401|3
3387|1
1198|13
2505|8
1224|14
2946|1
945|5
314|14
3523|1
3261|3
3540|4
1385|12
1285|3
3222|7
3609|8
1100|6
3337|13
2430|13
1667|7
1168|7
2895|3
3197|2
2631|7
1002|13
1656|2
3095|2
2088|9
3109|2
725|13
964|2
2649|2
1695|4
340|6
2126|13
3171|8
1433|10
1925|8
2999|5
1553|9
333|10
1849|10
1736|12
693|3
1224|12
2164|2
1152|10
3419|3
1112|4
1145|10
2881|12
94|7
1599|13
1374|8
3458|9
1358|3
3554|4
2444|3
2779|7
933|13
1445|1
33|8
2902|2
1536|8
3317|11
1236|11
188|5
210|3
1618|11
3380|12
1152|13
1951|13
1844|7
1371|10
1467|10
919|11
2682|6
1445|9
1695|7
1541|10
1670|7
1374|6
1182|9
1553|4
2380|5
1925|10
3447|1
779|4
462|2
1771|6
959|9
3195|11
2081|3
1370|3
1267|4
3306|11
1717|5
3030|2
2073|1
322|2
2524|5
2605|4
629|14
2387|2
1925|3
2086|11
2764|13
1032|3
2191|11
3572|13
2469|4
3171|7
1383|7
2782|3
597|14
954|10
1948|8
1551|1
3088|2
2322|8
2396|1
1694|5
1273|12
880|4
1963|5
3570|9
303|3
2810|5
2089|6
3057|6
52|1
1860|2
1319|3
801|4
3048|5
492|4
3020|12
1733|11
2944|11
1661|9
468|13
2522|12
1436|5
2617|4
752|6
2349|4
2545|5
2295|13
2829|10
2301|8
316|4
2831|4
3088|5
3385|8
3225|13
1953|6
1882|3
430|9
43|13
3599|2
81|12
2166|9
2333|12
2838|11
2199|5
1439|3
468|13
1918|13
915|3
1615|6
1827|7
1829|7
1546|3
2971|2
2546|14
502|7
899|14
1456|7
1551|13
293|2
3608|8
2593|5
764|6
525|8
441|8
1798|12
1295|1
2784|2
1584|7
542|12
2803|5
2031|7
1660|12
2985|13
2414|2
3552|5
954|3
2051|1
2716|6
3401|3
1920|6
2113|3
678|13
1668|2
735|11
184|12
3603|10
2031|1
1435|14
742|6
2305|10
3101|3
499|7
3032|4
1668|12
599|10
1411|11
2829|1
1279|11
1930|6
2273|3
933|8
3587|6
82|6
134|12
981|12
3311|1
1362|8
1332|9
3225|2
3294|9
2829|4
2912|5
319|8
415|1
546|4
770|10
734|10
2609|1
1345|10
283|10
2216|8
218|12
3282|6
810|5
1664|11
1614|4
3159|3
3274|12
3209|3
1001|6
2202|5
1022|5
249|9
517|10
1003|3
593|12
1756|7
1303|13
225|10
3148|8
712|1
3545|7
1460|2
968|6
715|7
1128|1
3339|3
349|4
2841|8
2623|7
2179|14
1939|6
949|11
1384|7
729|14
3524|11
2962|8
2711|10
2052|11
2833|3
878|14
3610|5
2178|14
955|12
608|11
148|3
374|4
99|2
1076|2
3005|14
2311|7
642|10
1721|2
438|8
2447|14
3412|11
2149|11
3062|13
1055|5
2860|7
2563|8
731|1
1509|2
2516|4
1578|1
3461|1
1842|3
1605|12
2812|14
1944|5
1397|8
2547|1
3479|5
1470|14
1955|12
2099|6
3026|10
1758|4
2493|3
446|11
2356|5
2062|11
2757|10
2936|11
1730|14
3569|1
2404|13
3570|8
458|14
2846|14
1581|4
1242|13
2741|2
68|11
2666|10
2709|5
2582|8
1499|7
34|7
2149|3
918|11
637|7
3375|14
1335|14
2519|2
225|14
1568|13
534|1
2237|10
9|3
1674|1
545|1
3468|4
35|12
2783|10
297|9
1486|4
297|5
576|8
2239|6
1194|8
2287|4
3393|11
1484|12
1303|1
2089|13
195|14
2336|11
2386|6
896|5
3513|14
3190|13
3165|7
3362|8
3268|3
1411|4
767|5
2887|3
217|4
1133|8
3490|12
684|12
1932|10
1247|6
3451|9
599|9
1271|4
2222|10
2084|1
2749|13
1448|11
2223|4
1002|9
16|5
1324|4
3300|11
658|5
1216|5
3111|12
3168|6
1004|6
1734|8
616|2
356|12
2574|9
1902|11
2614|4
2128|5
3148|2
1691|1
1725|14
1792|7
3221|14
2619|10
1700|1
1148|10
736|3
1693|3
848|4
411|1
3440|5
1925|14
2418|1
3534|7
3263|1
1116|14
3202|13
2391|10
2527|2
1327|14
1236|10
43|11
3115|10
1087|6
2756|8
2481|5
2776|1
2629|10
569|11
3391|5
1594|3
1236|1
2340|12
3009|4
1792|10
2272|5
2606|6
1866|13
2768|8
757|2
2126|1
2786|2
2799|2
3278|4
3313|4
1480|9
3275|8
707|5
3533|1
352|3
3194|10
646|8
128|5
1324|6
1297|12
2462|6
2723|8
2167|11
2780|5
204|13
3507|12
3566|3
2281|7
3431|5
390|11
3028|7
2563|3
513|3
1869|9
163|2
2734|11
1535|8
3118|5
652|8
1139|8
2958|10
1229|3
774|11
474|5
1510|2
3174|4
2489|14
2607|14
427|9
1180|7
2259|9
868|9
3200|7
2592|8
2950|12
2176|9
1528|12
1864|6
2053|11
2414|8
2297|9
1964|8
3475|13
3125|7
801|4
758|12
5|13
218|10
534|7
1551|5
2402|5
972|3
1639|9
368|2
2453|9
1499|13
980|13
1417|6
2742|10
78|12
494|13
1228|2
1501|14
3564|9
1139|2
1005|11
136|1
300|1
2482|3
1360|7
1263|4
222|14
485|10
1713|11
952|12
1156|6
802|4
536|1
1774|13
3560|1
1635|11
3395|13
355|9
2357|12
2769|11
3195|3
2957|12
66|9
1193|3
1391|11
3385|11
3194|8
1401|4
863|2
3582|1
2881|6
3510|13
3458|1
793|13
1630|8
842|14
3523|7
2158|12
344|12
652|6
3179|2
3331|6
307|12
1604|8
267|5
3031|8
2553|10
2480|7
956|5
1931|2
762|1
138|9
1758|10
3310|12
1665|11
42|8
1822|9
15|13
1243|11
2884|5
238|10
2963|5
230|8
230|8
2158|8
1166|7
423|4
2639|12
826|12
2157|12
1816|6
871|9
2385|10
359|7
1536|8
3147|10
3542|12
2002|5
295|3
1282|11
3421|13
2509|6
701|12
2646|14
2081|5
1162|11
3239|4
805|12
2893|2
1052|7
395|7
2856|6
1106|14
777|12
723|13
2940|13
319|8
2863|14
1153|13
2609|10
395|5
1970|9
543|10
528|3
2019|7
1063|7
2081|6
2782|8
1886|2
2529|9
544|11
2636|7
3142|5
2330|4
2949|4
3089|9
573|3
3010|13
3354|13
42|7
778|9
1568|3
172|4
3017|2
1797|12
168|6
474|10
3130|12
3318|5
925|14
1801|4
563|1
1397|2
3062|4
2016|11
1743|4
1931|1
682|9
807|8
711|12
2860|7
2517|5
3224|2
1159|3
3016|14
1878|14
164|12
2741|5
1261|2
1968|2
663|10
208|13
1310|7
137|5
3124|10
48|13
3315|7
513|4
3495|7
142|5
3158|12
841|10
790|3
485|7
350|7
211|2
2031|8
2029|9
1774|8
442|7
859|3
2743|7
3067|12
3338|1
2434|8
2211|14
904|12
261|4
573|4
2147|8
2976|12
903|1
3368|4
1866|7
376|7
488|13
2849|9
3159|2
386|9
824|14
1837|4
3247|7
2608|11
2172|9
2291|8
1539|11
1235|8
1245|9
3465|5
2619|2
3046|2
2957|8
1249|10
745|13
1476|3
673|1
94|3
2625|4
3005|5
857|12
1201|14
717|5
2447|9
1239|8
2444|2
1773|13
498|7
3372|11
200|6
2753|6
2076|2
882|6
544|10
1622|4
2194|6
1042|9
504|10
586|3
2673|5
177|14
680|5
934|1
951|4
3153|6
1914|5
3615|10
1408|12
1851|11
783|10
3239|11
3312|1
3047|3
1412|2
1793|1
2986|4
721|7
2984|2
2598|7
2518|2
1690|6
2467|13
2371|4
1593|10
701|4
834|5
2510|10
3477|14
3387|3
129|4
1843|6
612|7
1774|2
2822|9
2590|2
710|11
2065|14
3361|2
3594|1
2624|9
2808|5
2997|5
921|6
1946|7
948|13
745|3
562|14
2542|7
3211|4
1098|10
479|10
426|7
449|14
8|8
2525|4
3313|5
2367|12
2532|7
873|12
3088|13
1818|4
328|6
494|12
1382|10
1603|3
723|13
2825|2
1740|6
1432|7
945|3
325|4
2604|12
719|1
1662|14
1413|5
2368|3
3359|2
2054|10
1185|3
3608|12
2948|6
612|1
1909|14
1390|6
1111|7
1267|6
3272|6
379|6
1441|9
3563|2
192|8
3169|13
3011|11
668|1
3510|14
2121|6
3174|4
986|10
3087|5
87|7
2207|14
2142|5
2617|13
3027|4
75|14
1271|11
3427|10
3444|13
156|12
2435|13
520|5
440|14
1256|11
745|9
764|9
3593|12
298|8
2236|1
2440|8
2049|11
471|7
791|8
3092|12
1854|12
1409|7
3484|8
2869|1
152|2
1671|2
3413|3
2086|9
1586|7
3477|6
2940|9
2467|4
1304|7
967|14
3111|10
1097|11
1878|9
634|13
2765|4
1440|3
3357|3
1453|13
2536|10
2361|1
1361|8
3135|8
3331|3
1631|8
3106|12
3568|14
1058|14
66|12
164|13
2669|4
1680|13
3283|14
3025|8
899|6
3123|3
1859|11
2281|8
1281|11
1567|11
2190|7
3187|2
457|11
1153|8
282|12
1389|13
3317|8
2944|4
881|1
853|11
580|5
3053|13
3265|10
1801|10
3172|13
870|2
1661|4
1194|10
802|9
138|4
53|3
3142|12
1300|11
2587|3
2069|5
1045|10
1336|7
3559|12
2881|10
1527|4
1036|13
3607|3
1947|11
40|7
2750|6
1879|11
3521|14
233|14
1451|7
147|3
2196|6
2416|8
1934|12
1752|12
1976|1
2482|6
3146|9
3497|4
498|11
2060|13
2737|5
1204|2
124|3
1499|5
308|5
1246|11
3254|6
2945|3
1912|13
857|4
2586|4
673|6
2604|6
3510|8
2783|4
232|7
3190|1
1138|12
712|1
1602|11
258|7
2330|11
293|9
3552|6
3370|2
2878|13
235|12
268|3
2843|14
2163|8
3360|13
540|3
3453|6
817|9
2566|14
1995|10
2843|6
967|14
993|1
1235|10
2591|14
520|11
1256|7
1769|10
1673|7
495|2
1190|4
1825|3
1216|10
1314|7
615|1
566|4
800|4
1366|6
1284|5
3492|3
2934|7
2785|2
1902|2
955|9
1334|3
1715|8
2894|12
586|14
563|6
96|13
2575|13
1280|11
394|13
625|8
458|4
208|11
2852|14
1345|3
1114|1
2443|6
66|11
1170|3
2035|4
2726|6
2754|3
1944|2
547|1
871|4
2326|14
697|11
3173|7
3067|2
1296|9
3380|3
1280|3
146|10
2461|5
246|10
3415|3
3423|10
780|7
2006|8
1151|6
2004|13
3247|5
1464|6
1444|9
3551|7
461|14
1705|8
291|9
2026|11
3576|12
3605|3
3111|4
2620|12
1083|9
3254|13
3224|9
3226|10
1044|13
2991|6
1879|5
411|2
219|9
16|13
2464|12
3286|3
3067|12
3575|11
1406|14
2455|12
1125|12
130|10
81|2
1567|4
76|1
1299|7
997|11
2135|5
995|6
1351|13
3327|14
3601|14
3416|8
3376|10
763|12
1570|3
86|6
3561|6
478|11
215|12
2738|11
1577|7
909|2
3612|6
1314|2
1330|12
880|12
2347|4
2541|6
1299|5
1819|5
3127|12
1543|8
2095|5
1212|8
679|12
3054|14
366|8
3025|3
1973|9
1574|5
785|8
1644|14
1602|1
3035|4
2876|11
3428|10
2395|7
2544|8
1973|4
1516|1
3267|8
295|13
1091|7
2346|3
280|6
1088|10
3134|8
3088|10
562|1
934|8
1872|14
2900|10
845|14
3597|4
2796|8
726|3
2508|12
3382|4
608|8
2148|4
585|8
1218|2
2363|7
143|3
2767|2
2485|14
2964|1
413|10
2110|8
1548|1
1012|9
1982|13
2375|5
1104|1
1229|4
1866|6
330|7
93|13
1334|3
127|7
3251|8
1851|2
2521|6
1834|11
391|1
2488|1
1809|11
2682|14
507|14
2640|12
229|4
604|14
306|5
2335|11
3139|3
2884|14
2706|9
1145|4
1117|3
1559|8
1467|4
625|1
993|5
1313|10
229|3
265|1
2870|2
2505|14
1237|7
2294|10
1141|12
2483|3
2087|3
3397|14
2055|11
297|3
627|1
2613|3
1085|12
2895|2
1909|14
3384|11
3511|12
3132|10
67|5
2295|4
3003|14
3214|13
2275|13
2943|10
1594|13
2223|11
3302|6
1733|3
3092|4
526|10
413|8
952|5
2995|1
1615|14
1576|1
2209|9
1775|11
2526|7
2522|7
499|9
3125|10
3453|11
3505|12
2795|11
994|8
2411|3
1543|6
1817|13
712|6
1414|2
647|2
3114|3
570|2
1027|12
3436|3
818|6
2680|14
672|8
584|6
138|7
3411|1
2072|9
2089|4
2137|10
614|7
954|7
25|7
1644|2
1742|10
2308|6
1524|10
1986|1
177|7
773|4
2711|6
1957|6
1832|5
2169|13
2164|6
3368|13
150|3
1421|7
385|14
2961|12
2403|1
1591|10
3494|1
850|9
2793|10
300|8
511|14
1271|4
3208|10
3437|14
2848|14
1208|2
2856|10
1317|8
81|13
1542|13
1807|2
607|4
2943|2
3540|4
3462|8
3454|4
3077|9
704|2
2384|3
2081|5
1760|9
333|2
808|9
439|1
113|5
1648|7
3607|12
2797|13
1478|3
2523|5
2756|6
763|3
883|5
1210|6
3539|11
676|5
428|6
3187|9
1396|1
1462|2
2917|3
575|5
2713|5
3223|2
3183|11
1103|14
1370|10
1022|10
1667|8
980|4
3160|10
2733|5
8|9
2870|7
2276|6
20|6
3060|13
3052|7
993|7
1798|10
62|2
1234|10
873|8
128|6
443|9
3209|4
709|2
913|12
1969|14
1079|1
556|11
420|5
1318|1
494|10
1249|5
3493|13
3013|6
3525|7
2575|2
2042|10
921|3
97|13
132|4
782|13
3588|6
1222|3
3371|10
1523|12
1642|14
3102|2
2268|12
10|6
1034|14
1289|9
1984|1
1558|14
231|10
2248|5
2408|9
2591|3
2023|11
388|4
1155|3
2943|11
370|4
1555|4
2626|10
1966|8
3514|3
2784|4
1922|13
1380|10
3242|4
1179|9
2619|4
2207|11
293|9
1027|6
143|9
547|5
1461|5
2599|8
3242|7
2326|2
3407|1
3492|2
2520|14
3396|1
2894|12
1887|12
1414|7
2215|10
1690|10
2885|11
2726|7
450|13
1896|10
1339|2
1117|12
2078|1
643|4
1287|13
814|10
3410|5
2771|2
150|8
2164|4
2415|10
307|12
3430|11
40|6
104|2
2846|2
2626|4
1338|6
1393|8
2317|7
648|13
2602|2
3073|2
408|10
1207|3
3275|14
3199|6
778|2
1502|14
2788|10
2096|13
2748|1
325|8
753|13
1229|10
2167|6
3200|10
2857|14
2522|11
2242|9
3085|3
310|2
3301|2
2505|3
433|4
1653|9
2645|11
1687|13
2584|2
371|4
1167|10
2294|14
1115|14
1883|7
1200|14
1093|6
1525|2
2920|3
3575|1
71|8
1078|14
1719|8
1068|5
999|1
387|2
2746|10
466|9
730|11
2822|7
621|5
695|4
430|13
2551|8
507|3
901|1
671|6
2190|8
815|14
457|4
222|9
3158|12
3206|11
999|8
1253|5
2289|6
1493|13
1926|1
3580|2
1270|3
1566|2
2442|13
2864|5
2606|7
2221|4
1715|1
1274|7
223|8
946|8
3244|14
1692|3
385|9
393|14
1383|7
1717|10
2248|1
2523|11
2133|7
3315|11
3127|11
227|12
673|7
1214|4
671|12
2137|13
2204|10
3574|11
17|13
2291|6
2891|5
2452|1
1483|14
1720|5
1811|5
117|11
1326|10
305|8
502|9
3317|5
1152|10
1604|12
2584|1
9|6
1462|8
2167|4
1972|13
507|12
389|3
1257|14
1926|2
196|9
2958|9
778|1
1530|1
3315|12
828|8
19|13
2540|7
666|1
1788|1
664|4
1978|1
1534|3
1399|11
2333|2
1639|13
975|7
81|14
2256|10
2612|2
20|11
1964|10
691|6
2096|9
647|10
814|14
2758|8
2443|14
1048|14
74|2
63|8
3380|1
659|6
383|2
258|13
2089|8
3310|5
2551|5
1091|7
1951|9
2192|9
185|4
1044|3
3204|3
1008|14
4|11
712|5
2247|11
2632|3
1018|4
1479|8
2448|12
1441|10
1035|5
622|11
108|6
2241|6
2652|4
399|14
874|13
2434|10
88|4
1882|5
1811|4
3194|14
221|8
2439|8
751|2
1879|11
3529|11
2874|9
1745|10
2490|8
85|4
420|2
307|3
687|6
2531|8
2455|11
2902|9
3472|7
289|14
2248|10
438|9
1519|2
2859|12
1716|8
2234|6
400|8
1574|12
2051|1
2931|1
156|12
834|11
808|2
1740|6
1308|6
712|6
2157|2
1431|13
2538|7
3473|4
1771|6
3045|9
245|8
3282|14
1171|3
1029|4
1532|3
1036|14
1606|8
306|3
2050|12
1251|14
740|11
1662|10
996|3
1385|6
521|1
2466|10
3322|4
2508|6
2751|12
2079|12
2932|3
3189|7
2470|7
1003|5
523|6
2790|12
916|2
1170|13
2498|3
1477|3
2204|1
1260|7
1263|11
3213|8
2746|10
824|2
989|11
1232|6
1245|12
2210|14
2305|10
2386|2
1235|5
69|7
3373|13
1065|13
3162|11
3293|4
2241|13
1453|14
2937|1
366|3
2689|7
3401|9
937|6
319|13
2111|2
1833|8
2885|10
2955|9
2777|5
3076|8
1751|10
3577|8
2556|6
1793|14
97|6
2435|13
2181|3
284|6
1578|7
3510|6
1875|7
2947|6
830|2
2213|10
2264|10
388|6
2421|7
3576|14
2212|13
2261|6
114|11
3159|5
2170|2
2727|3
2397|12
1536|6
2338|8
871|11
2026|6
294|7
2981|8
3601|9
3437|4
2315|8
1648|1
595|9
606|3
892|9
2213|3
3119|6
1110|2
310|5
1128|3
1665|4
1956|14
942|7
1817|1
2281|7
1223|11
914|2
2823|2
670|8
1093|9
3327|3
2160|10
2263|3
2639|3
3065|6
1436|8
1249|11
2693|13
1330|4
3237|12
1503|8
45|4
1530|7
2675|2
59|13
632|1
2902|8
1168|11
3134|10
403|1
2228|2
2638|13
2711|11
649|12
2563|4
779|14
797|7
1143|9
497|4
765|8
1019|7
3518|4
1732|11
1006|5
1675|11
3440|7
2314|4
2405|1
2331|12
491|11
1612|8
3289|1
1129|5
1960|14
2185|6
442|6
1189|14
2759|4
1195|13
1194|4
2182|11
3062|4
2509|14
1562|11
3496|2
3254|6
847|14
2265|9
2436|6
263|8
490|5
2248|3
863|10
930|11
2194|9
3209|4
1324|8
185|2
1004|10
2482|13
2950|14
2039|4
1045|1
1261|3
3264|3
3205|5
526|2
921|2
832|5
3381|9
1456|8
1233|8
2702|7
719|3
2133|6
3005|7
693|2
2892|4
5|11
1238|8
2176|10
3179|8
316|11
582|6
3109|8
6|14
2872|3
683|13
1447|12
2830|8
315|14
2598|14
533|7
2284|2
2918|1
2260|7
747|4
1480|14
962|1
1374|4
1059|11
2012|2
3074|13
2502|7
2080|4
20|6
783|7
2636|10
2772|9
484|11
3213|1
1706|5
1112|3
1611|7
3398|14
3507|3
1464|5
1274|10
2130|1
3482|12
3441|3
1129|6
3544|4
2394|1
226|6
1094|5
979|12
20|9
2249|10
929|14
434|3
583|11
881|2
298|7
1095|12
1213|1
2151|1
317|12
2948|14
2839|12
317|6
2713|9
404|11
12|9
888|1
1531|12
1748|11
2708|4
3353|6
545|5
960|5
2533|6
2272|6
373|10
83|4
2390|8
2988|9
2067|12
478|5
415|13
2133|10
2808|13
1479|5
345|14
1445|1
31|8
69|12
64|7
1157|11
2133|13
2361|3
1131|7
567|5
3221|12
2696|7
2732|11
2425|7
602|13
2922|12
1722|8
199|2
3001|14
1175|2
945|3
2663|13
1275|4
41|9
3189|5
316|12
3505|8
1811|12
1627|11
431|14
1339|3
23|9
914|3
1946|1
2734|7
1234|7
768|9
2935|4
3122|8
1859|13
3024|7
1039|9
2454|6
1458|7
2544|13
1315|9
655|6
3313|5
234|10
1896|3
2997|1
1298|14
1339|3
3438|14
2338|9
596|8
2939|3
2042|14
1538|12
3426|13
806|7
2068|4
9|12
2257|11
3333|6
1136|2
259|11
1067|5
2301|11
810|13
138|9
1501|1
2505|6
1918|4
3000|11
2926|11
3037|14
301|7
165|1
1996|6
2689|14
3023|6
1190|8
1282|9
1456|10
3191|7
2391|9
2342|8
995|5
2710|3
2213|14
3095|6
2834|12
498|14
3102|8
1134|14
562|13
275|11
2456|8
1243|9
3441|10
1944|11
1662|4
541|8
2321|6
1952|1
830|13
2055|3
2126|13
1254|9
2277|10
2361|5
195|14
3558|12
3244|13
2084|6
2986|2
2765|2
2894|2
1399|7
2662|1
1061|7
2737|9
1013|12
1361|6
1785|4
3011|13
920|12
1684|12
838|9
197|3
26|11
698|7
582|2
2044|13
204|2
2266|2
322|7
2007|9
2352|4
2343|2
3509|6
634|10
3437|11
374|14
3314|9
111|12
492|5
7|6
270|10
2152|12
1703|4
597|14
3388|10
651|9
2032|1
2478|5
1842|9
1528|4
1119|4
1281|4
681|9
3438|6
1136|1
2147|8
2077|2
1485|12
1849|12
811|13
2158|13
3531|12
3608|6
1415|7
2625|2
1796|3
2870|1
1968|3
767|1
2947|6
1949|2
2723|4
596|5
2457|3
3425|9
1567|5
2937|4
64|10
2820|11
1942|2
2831|7
447|11
1986|7
346|1
2526|11
3417|10
2359|7
759|13
3047|1
745|12
2064|9
1152|2
3424|1
2500|5
1140|5
2488|5
3374|5
3259|11
1744|2
3070|12
2913|1
2020|13
1113|5
3259|14
2759|5
492|12
1383|6
421|14
1274|14
2429|9
2034|3
1817|3
929|4
461|6
126|6
645|1
2455|7
700|14
603|11
1341|6
1261|7
140|11
2384|7
3208|11
3601|7
1937|12
1982|12
1672|12
486|2
2508|14
778|10
840|14
1575|1
1440|13
2735|5
3582|7
3141|5
740|11
1426|2
451|12
2718|14
2377|10
2008|8
1452|14
74|7
3443|6
1307|3
262|8
2455|1
102|11
2396|4
1683|10
1674|13
1934|3
447|1
1092|13
714|3
2709|6
1867|9
660|12
2681|4
2864|1
1474|4
181|14
1651|5
3560|1
1649|10
3307|1
76|13
3495|6
1595|1
741|14
2475|6
3612|5
779|14
491|3
2260|14
558|7
1275|4
2861|8
2460|5
1889|1
3313|14
1867|2
49|9
1394|10
3264|4
1124|14
978|9
1677|7
2383|12
2592|6
1862|3
1424|2
2114|2
2295|10
1106|4
7|1
3331|2
1742|4
1030|13
3360|4
1598|13
2001|5
2950|5
345|2
943|11
510|2
3520|3
2638|13
1863|5
1943|12
2120|11
625|4
2154|13
2782|8
163|1
97|11
749|7
1543|11
2779|9
1238|12
1575|5
3049|2
1335|1
2075|5
2844|8
2451|7
821|6
3143|9
847|11
215|2
2203|5
2240|3
707|11
2487|4
1814|5
484|7
1618|7
346|12
3261|4
3561|2
3228|14
894|4
2985|8
1745|12
2254|12
1427|6
1356|7
793|14
3458|13
2203|14
3035|12
1083|5
705|4
2772|13
3147|8
3494|3
1228|3
287|1
3110|4
1518|9
2451|9
821|13
1971|1
807|7
832|5
2497|5
1668|4
2750|3
391|3
2050|3
2267|4
3590|3
1817|2
1425|12
637|12
2392|3
3519|2
203|7
702|3
2693|5
2241|2
3321|12
2159|13
3544|12
2665|2
3493|14
3320|13
1003|12
1648|13
1774|3
3298|9
1222|9
1240|3
1461|11
3143|2
841|2
1120|7
864|11
1017|12
3260|12
2782|2
1902|2
2269|7
1092|4
237|3
1612|11
379|1
442|7
1087|5
1898|11
2957|2
145|10
2555|9
389|2
148|5
1930|3
2674|3
2512|2
1196|3
63|4
2921|14
3003|11
2384|4
3472|6
2812|3
1367|1
1168|14
238|2
459|11
3384|13
641|1
225|4
3069|8
428|13
271|3
1871|13
2306|13
1964|13
2463|4
963|3
1578|7
1220|4
589|10
2268|11
1612|7
1195|7
1616|12
527|2
2492|11
2025|13
2226|8
371|1
411|10
583|13
2551|5
3034|14
1837|10
333|4
3495|3
2522|10
2982|7
3511|11
1603|12
722|4
667|11
573|13
1877|6
3590|8
403|3
297|2
3499|3
3615|9
382|2
1542|2
1606|9
50|5
1456|6
2209|9
458|9
2483|4
931|9
1052|1
1179|8
1554|3
3394|1
3522|13
1943|8
1380|3
3314|12
562|14
159|8
1078|4
2946|3
3354|12
973|9
1044|2
2840|2
3071|3
1990|10
1293|5
139|12
1995|6
2675|6
1175|13
2106|3
2753|14
3194|4
635|6
247|9
2306|12
177|2
1210|13
388|13
570|8
3318|2
1914|11
573|14
570|11
706|11
1565|14
1922|6
1702|12
2053|3
2664|2
373|14
771|3
998|2
3107|8
987|7
1073|8
1308|14
822|3
163|10
2943|14
644|3
305|8
769|9
3092|14
378|1
564|1
1916|11
784|10
1071|2
741|3
1288|3
3120|8
1088|14
828|1
2173|7
1460|6
2927|12
3498|11
3219|13
3275|5
2804|2
1381|3
715|8
2945|5
247|14
2858|2
2468|6
1257|14
1794|2
2700|12
2178|5
3600|2
1417|6
1807|4
315|11
2040|12
2|6
2687|10
284|14
302|11
3579|3
3582|4
1200|9
3289|8
1568|10
917|9
2797|8
3292|6
1434|2
2239|11
590|14
3133|14
187|7
2254|13
2404|9
2693|5
136|5
2748|14
237|13
3303|2
916|6
1158|12
2164|13
3614|8
214|14
3125|9
2738|10
2091|12
791|11
447|13
3237|12
1221|14
2247|8
1953|11
446|7
1453|14
3595|6
2764|9
1517|6
3435|1
978|9
1415|11
2077|7
76|2
1066|10
1976|4
2143|12
3341|5
2718|11
3436|1
3582|1
2988|7
1893|9
494|10
85|5
723|11
398|13
232|3
2464|6
215|8
2880|5
1315|6
1815|12
1115|5
3083|10
1855|12
761|4
2071|10
3340|11
435|7
173|7
1994|14
2837|3
988|12
1058|1
2967|3
2080|13
1837|10
1630|9
2324|6
3070|4
2374|5
973|2
1666|10
1150|3
3311|14
1624|4
3511|12
875|1
1033|5
98|6
1567|11
3046|2
930|13
2062|12
3002|14
286|14
300|11
638|6
1671|11
677|1
1691|4
2731|13
569|3
44|3
3122|10
3009|5
363|14
3283|3
2741|7
1798|2
382|5
1480|12
3528|5
2096|2
667|6
1353|12
996|4
2783|6
1582|1
2628|13
2396|1
481|8
2638|11
555|12
2861|7
1790|2
968|11
251|8
1446|7
776|13
1798|10
1072|2
1112|9
2679|3
665|13
665|4
3374|1
2843|14
3126|6
2720|3
633|14
2256|11
1225|4
2745|6
1180|5
125|4
376|14
3179|2
2816|11
3172|1
3302|13
2905|9
2856|1
950|13
1529|7
2788|2
2756|4
3400|5
3046|10
2106|10
990|7
2708|8
675|3
3430|7
635|4
3111|10
2128|7
2038|1
241|13
1784|9
2634|6
2642|14
2499|7
2691|7
1695|8
144|14
683|4
3104|7
2824|12
3573|13
257|6
486|12
2552|13
1941|13
1781|12
679|11
143|7
2622|3
1707|2
2191|5
1174|8
3579|14
3392|7
755|7
2350|8
2437|12
685|10
1469|2
2384|10
3148|5
1512|2
2074|3
2479|14
272|6
685|2
2370|6
2204|6
2816|6
1949|11
150|5
2189|2
1782|6
3539|5
372|11
2706|5
955|11
1036|5
2953|12
2403|1
1679|3
1437|1
2477|4
3023|5
3413|10
1694|7
1901|6
1188|13
1517|1
2960|2
2462|12
1918|6
3463|9
578|7
2226|8
2437|3
1704|6
2777|6
1612|12
1605|9
2111|13
2829|1
3110|8
2429|13
1681|1
2538|1
514|6
3607|14
1062|10
604|8
2628|2
2424|11
2616|3
2497|4
2346|8
613|2
3432|4
2034|5
2831|3
2052|7
903|10
1110|10
1716|1
2938|5
1810|7
668|14
2385|12
411|12
1884|13
2883|13
1094|4
2416|9
2781|1
101|1
2108|12
869|3
2896|8
2722|1
177|8
1333|5
1852|2
566|1
3571|3
1255|3
3519|12
3010|1
2735|9
2590|7
3402|3
176|2
2897|14
866|3
3306|7
2051|4
3530|9
706|13
1994|4
2710|13
277|14
2663|1
1933|7
472|1
30|11
3161|7
3202|6
17|9
289|14
1772|12
88|2
1746|13
2428|5
278|5
107|9
3121|8
2054|4
1326|14
458|6
1312|4
2592|6
3035|8
316|7
2085|9
3171|2
1497|5
1790|2
1861|7
332|1
730|12
761|11
318|9
3614|8
10|9
3141|7
6|2
2255|11
3531|10
1847|2
1788|2
1587|11
3606|10
2298|7
2360|9
1676|6
1627|14
3028|7
811|14
644|3
2585|2
282|5
1219|13
1294|1
2450|5
750|10
906|8
1269|1
3229|9
3581|4
3283|11
1213|8
2295|13
589|11
3493|14
3522|2
3293|11
3300|10
2200|8
398|11
3379|1
2489|9
203|13
2149|13
1830|3
268|3
293|11
1054|2
1810|2
1082|8
419|10
2506|14
3596|9
1801|1
406|14
716|6
2440|6
2015|7
963|13
542|9
3377|6
3419|2
2924|10
864|9
1118|10
1583|6
1519|10
2363|2
1435|6
1741|13
2050|14
3332|14
1356|11
2660|6
2222|6
3345|8
1408|10
55|10
1225|13
3251|8
1964|11
3609|3
3138|10
3028|8
721|1
772|8
3348|6
361|10
951|10
1215|4
1645|7
1867|9
3029|2
838|5
1583|13
428|4
2386|5
3482|7
1313|7
1304|6
718|11
1421|13
2881|6
2593|6
557|3
2539|5
352|12
3513|3
1837|5
750|14
1122|2
1763|4
2966|1
387|12
122|6
3540|1
1532|4
327|9
1382|13
2848|3
1610|5
1252|11
3524|4
2310|9
1979|9
1480|11
1849|10
2192|4
1525|1
471|12
340|9
2642|9
1232|8
1358|10
3329|2
3126|5
249|3
317|10
155|14
3415|6
1980|4
256|2
2884|12
2241|12
363|10
530|12
3326|7
1596|2
1084|5
1687|10
1197|12
2645|7
1528|3
2652|2
3407|12
670|13
1048|2
1905|5
291|5
1451|10
402|14
2091|8
102|11
1181|12
2791|8
1241|9
3585|13
482|11
1454|11
1663|14
914|11
1411|13
3367|12
717|8
749|3
1682|10
1164|1
2496|5
722|13
1532|6
2755|9
3042|11
1085|9
1699|10
971|14
1623|4
3495|3
