1|1|1|3616|2017-04-14|10|0
2|1|1|3616|2017-04-14|5|0
3|1|1|3616|2017-04-14|7|0
4|1|1|3616|2017-04-14|6|0
5|1|1|3616|2017-04-14|3|0
6|1|1|3616|2017-04-14|16|0
7|1|1|3617|2017-04-14|13|0
8|1|1|3617|2017-04-14|4|0
9|1|1|3617|2017-04-14|12|0
10|1|1|3617|2017-04-14|22|0
11|1|1|3617|2017-04-14|5|0
12|1|1|3617|2017-04-14|10|0
13|1|1|3652|2017-04-14|21|0
14|1|1|3652|2017-04-14|5|0
15|1|1|3652|2017-04-14|8|0
16|1|1|3652|2017-04-14|11|0
17|1|1|3652|2017-04-14|16|0
18|1|1|3652|2017-04-14|3|0
19|1|1|3653|2017-04-14|6|0
20|1|1|3653|2017-04-14|20|0
21|1|1|3653|2017-04-14|1|0
22|1|1|3653|2017-04-14|15|0
23|1|1|3653|2017-04-14|9|0
24|1|1|3653|2017-04-14|6|0
25|1|1|3654|2017-04-14|13|0
26|1|1|3654|2017-04-14|17|0
27|1|1|3654|2017-04-14|10|0
28|1|1|3654|2017-04-14|9|0
29|1|1|3654|2017-04-14|14|0
30|1|1|3654|2017-04-14|6|0
31|1|1|3655|2017-04-14|21|0
32|1|1|3655|2017-04-14|20|0
33|1|1|3655|2017-04-14|9|0
34|1|1|3655|2017-04-14|12|0
35|1|1|3655|2017-04-14|22|0
36|1|1|3655|2017-04-14|18|0
37|1|1|3656|2017-04-14|5|0
38|1|1|3656|2017-04-14|20|0
39|1|1|3656|2017-04-14|6|0
40|1|1|3656|2017-04-14|22|0
41|1|1|3656|2017-04-14|23|0
42|1|1|3656|2017-04-14|21|0
43|1|1|3657|2017-04-14|22|0
44|1|1|3657|2017-04-14|7|0
45|1|1|3657|2017-04-14|14|0
46|1|1|3657|2017-04-14|12|0
47|1|1|3657|2017-04-14|14|0
48|1|1|3657|2017-04-14|22|0
49|1|1|3658|2017-04-14|8|0
50|1|1|3658|2017-04-14|17|0
51|1|1|3658|2017-04-14|11|0
52|1|1|3658|2017-04-14|12|0
53|1|1|3658|2017-04-14|23|0
54|1|1|3658|2017-04-14|22|0
55|1|1|3659|2017-04-14|11|0
56|1|1|3659|2017-04-14|17|0
57|1|1|3659|2017-04-14|20|0
58|1|1|3659|2017-04-14|1|0
59|1|1|3659|2017-04-14|6|0
60|1|1|3659|2017-04-14|7|0
61|1|1|3617|2017-04-15|6|0
62|1|1|3617|2017-04-15|8|0
63|1|1|3617|2017-04-15|3|0
64|1|1|3617|2017-04-15|13|0
65|1|1|3617|2017-04-15|7|0
66|1|1|3617|2017-04-15|20|0
67|1|1|3619|2017-04-15|3|0
68|1|1|3619|2017-04-15|7|0
69|1|1|3619|2017-04-15|20|0
70|1|1|3619|2017-04-15|21|0
71|1|1|3619|2017-04-15|14|0
72|1|1|3619|2017-04-15|3|0
73|1|1|3652|2017-04-15|6|0
74|1|1|3652|2017-04-15|5|0
75|1|1|3652|2017-04-15|17|0
76|1|1|3652|2017-04-15|22|0
77|1|1|3652|2017-04-15|18|0
78|1|1|3652|2017-04-15|10|0
79|1|1|3653|2017-04-15|1|0
80|1|1|3653|2017-04-15|21|0
81|1|1|3653|2017-04-15|9|0
82|1|1|3653|2017-04-15|3|0
83|1|1|3653|2017-04-15|7|0
84|1|1|3653|2017-04-15|16|0
85|1|1|3654|2017-04-15|4|0
86|1|1|3654|2017-04-15|11|0
87|1|1|3654|2017-04-15|7|0
88|1|1|3654|2017-04-15|16|0
89|1|1|3654|2017-04-15|9|0
90|1|1|3654|2017-04-15|19|0
91|1|1|3655|2017-04-15|6|0
92|1|1|3655|2017-04-15|1|0
93|1|1|3655|2017-04-15|18|0
94|1|1|3655|2017-04-15|18|0
95|1|1|3655|2017-04-15|23|0
96|1|1|3655|2017-04-15|3|0
97|1|1|3656|2017-04-15|24|0
98|1|1|3656|2017-04-15|24|0
99|1|1|3656|2017-04-15|11|0
100|1|1|3656|2017-04-15|3|0
101|1|1|3656|2017-04-15|12|0
102|1|1|3656|2017-04-15|8|0
103|1|1|3657|2017-04-15|19|0
104|1|1|3657|2017-04-15|22|0
105|1|1|3657|2017-04-15|21|0
106|1|1|3657|2017-04-15|4|0
107|1|1|3657|2017-04-15|19|0
108|1|1|3657|2017-04-15|13|0
109|1|1|3658|2017-04-15|11|0
110|1|1|3658|2017-04-15|2|0
111|1|1|3658|2017-04-15|12|0
112|1|1|3658|2017-04-15|3|0
113|1|1|3658|2017-04-15|23|0
114|1|1|3658|2017-04-15|11|0
115|1|1|3659|2017-04-15|14|0
116|1|1|3659|2017-04-15|4|0
117|1|1|3659|2017-04-15|5|0
118|1|1|3659|2017-04-15|20|0
119|1|1|3659|2017-04-15|9|0
120|1|1|3659|2017-04-15|8|0
121|1|1|3618|2017-04-16|23|0
122|1|1|3618|2017-04-16|22|0
123|1|1|3618|2017-04-16|14|0
124|1|1|3618|2017-04-16|21|0
125|1|1|3618|2017-04-16|7|0
126|1|1|3618|2017-04-16|17|0
127|1|1|3620|2017-04-16|23|0
128|1|1|3620|2017-04-16|11|0
129|1|1|3620|2017-04-16|8|0
130|1|1|3620|2017-04-16|5|0
131|1|1|3620|2017-04-16|15|0
132|1|1|3620|2017-04-16|8|0
133|1|1|3652|2017-04-16|18|0
134|1|1|3652|2017-04-16|16|0
135|1|1|3652|2017-04-16|23|0
136|1|1|3652|2017-04-16|12|0
137|1|1|3652|2017-04-16|16|0
138|1|1|3652|2017-04-16|12|0
139|1|1|3653|2017-04-16|14|0
140|1|1|3653|2017-04-16|14|0
141|1|1|3653|2017-04-16|8|0
142|1|1|3653|2017-04-16|24|0
143|1|1|3653|2017-04-16|20|0
144|1|1|3653|2017-04-16|13|0
145|1|1|3654|2017-04-16|14|0
146|1|1|3654|2017-04-16|14|0
147|1|1|3654|2017-04-16|4|0
148|1|1|3654|2017-04-16|20|0
149|1|1|3654|2017-04-16|21|0
150|1|1|3654|2017-04-16|5|0
151|1|1|3655|2017-04-16|12|0
152|1|1|3655|2017-04-16|21|0
153|1|1|3655|2017-04-16|11|0
154|1|1|3655|2017-04-16|5|0
155|1|1|3655|2017-04-16|2|0
156|1|1|3655|2017-04-16|14|0
157|1|1|3656|2017-04-16|24|0
158|1|1|3656|2017-04-16|7|0
159|1|1|3656|2017-04-16|12|0
160|1|1|3656|2017-04-16|8|0
161|1|1|3656|2017-04-16|11|0
162|1|1|3656|2017-04-16|7|0
163|1|1|3657|2017-04-16|4|0
164|1|1|3657|2017-04-16|12|0
165|1|1|3657|2017-04-16|9|0
166|1|1|3657|2017-04-16|18|0
167|1|1|3657|2017-04-16|7|0
168|1|1|3657|2017-04-16|8|0
169|1|1|3658|2017-04-16|19|0
170|1|1|3658|2017-04-16|1|0
171|1|1|3658|2017-04-16|8|0
172|1|1|3658|2017-04-16|7|0
173|1|1|3658|2017-04-16|3|0
174|1|1|3658|2017-04-16|8|0
175|1|1|3659|2017-04-16|13|0
176|1|1|3659|2017-04-16|23|0
177|1|1|3659|2017-04-16|18|0
178|1|1|3659|2017-04-16|16|0
179|1|1|3659|2017-04-16|5|0
180|1|1|3659|2017-04-16|12|0
181|1|1|3619|2017-04-17|1|0
182|1|1|3619|2017-04-17|16|0
183|1|1|3619|2017-04-17|5|0
184|1|1|3619|2017-04-17|18|0
185|1|1|3619|2017-04-17|10|0
186|1|1|3619|2017-04-17|19|0
187|1|1|3621|2017-04-17|6|0
188|1|1|3621|2017-04-17|23|0
189|1|1|3621|2017-04-17|10|0
190|1|1|3621|2017-04-17|2|0
191|1|1|3621|2017-04-17|5|0
192|1|1|3621|2017-04-17|7|0
193|1|1|3652|2017-04-17|21|0
194|1|1|3652|2017-04-17|18|0
195|1|1|3652|2017-04-17|15|0
196|1|1|3652|2017-04-17|9|0
197|1|1|3652|2017-04-17|6|0
198|1|1|3652|2017-04-17|16|0
199|1|1|3653|2017-04-17|22|0
200|1|1|3653|2017-04-17|23|0
201|1|1|3653|2017-04-17|10|0
202|1|1|3653|2017-04-17|1|0
203|1|1|3653|2017-04-17|20|0
204|1|1|3653|2017-04-17|11|0
205|1|1|3654|2017-04-17|16|0
206|1|1|3654|2017-04-17|23|0
207|1|1|3654|2017-04-17|3|0
208|1|1|3654|2017-04-17|12|0
209|1|1|3654|2017-04-17|23|0
210|1|1|3654|2017-04-17|13|0
211|1|1|3655|2017-04-17|22|0
212|1|1|3655|2017-04-17|24|0
213|1|1|3655|2017-04-17|11|0
214|1|1|3655|2017-04-17|19|0
215|1|1|3655|2017-04-17|16|0
216|1|1|3655|2017-04-17|3|0
217|1|1|3656|2017-04-17|6|0
218|1|1|3656|2017-04-17|5|0
219|1|1|3656|2017-04-17|7|0
220|1|1|3656|2017-04-17|22|0
221|1|1|3656|2017-04-17|15|0
222|1|1|3656|2017-04-17|14|0
223|1|1|3657|2017-04-17|20|0
224|1|1|3657|2017-04-17|3|0
225|1|1|3657|2017-04-17|2|0
226|1|1|3657|2017-04-17|10|0
227|1|1|3657|2017-04-17|2|0
228|1|1|3657|2017-04-17|13|0
229|1|1|3658|2017-04-17|20|0
230|1|1|3658|2017-04-17|24|0
231|1|1|3658|2017-04-17|1|0
232|1|1|3658|2017-04-17|4|0
233|1|1|3658|2017-04-17|9|0
234|1|1|3658|2017-04-17|15|0
235|1|1|3659|2017-04-17|22|0
236|1|1|3659|2017-04-17|6|0
237|1|1|3659|2017-04-17|19|0
238|1|1|3659|2017-04-17|24|0
239|1|1|3659|2017-04-17|9|0
240|1|1|3659|2017-04-17|17|0
241|1|1|3620|2017-04-18|9|0
242|1|1|3620|2017-04-18|24|0
243|1|1|3620|2017-04-18|2|0
244|1|1|3620|2017-04-18|12|0
245|1|1|3620|2017-04-18|2|0
246|1|1|3620|2017-04-18|9|0
247|1|1|3622|2017-04-18|24|0
248|1|1|3622|2017-04-18|6|0
249|1|1|3622|2017-04-18|4|0
250|1|1|3622|2017-04-18|15|0
251|1|1|3622|2017-04-18|16|0
252|1|1|3622|2017-04-18|6|0
253|1|1|3652|2017-04-18|14|0
254|1|1|3652|2017-04-18|5|0
255|1|1|3652|2017-04-18|14|0
256|1|1|3652|2017-04-18|9|0
257|1|1|3652|2017-04-18|6|0
258|1|1|3652|2017-04-18|10|0
259|1|1|3653|2017-04-18|11|0
260|1|1|3653|2017-04-18|10|0
261|1|1|3653|2017-04-18|15|0
262|1|1|3653|2017-04-18|6|0
263|1|1|3653|2017-04-18|20|0
264|1|1|3653|2017-04-18|12|0
265|1|1|3654|2017-04-18|11|0
266|1|1|3654|2017-04-18|14|0
267|1|1|3654|2017-04-18|2|0
268|1|1|3654|2017-04-18|3|0
269|1|1|3654|2017-04-18|9|0
270|1|1|3654|2017-04-18|15|0
271|1|1|3655|2017-04-18|19|0
272|1|1|3655|2017-04-18|17|0
273|1|1|3655|2017-04-18|3|0
274|1|1|3655|2017-04-18|23|0
275|1|1|3655|2017-04-18|13|0
276|1|1|3655|2017-04-18|12|0
277|1|1|3656|2017-04-18|7|0
278|1|1|3656|2017-04-18|7|0
279|1|1|3656|2017-04-18|18|0
280|1|1|3656|2017-04-18|20|0
281|1|1|3656|2017-04-18|24|0
282|1|1|3656|2017-04-18|12|0
283|1|1|3657|2017-04-18|20|0
284|1|1|3657|2017-04-18|11|0
285|1|1|3657|2017-04-18|16|0
286|1|1|3657|2017-04-18|21|0
287|1|1|3657|2017-04-18|23|0
288|1|1|3657|2017-04-18|13|0
289|1|1|3658|2017-04-18|12|0
290|1|1|3658|2017-04-18|23|0
291|1|1|3658|2017-04-18|13|0
292|1|1|3658|2017-04-18|14|0
293|1|1|3658|2017-04-18|12|0
294|1|1|3658|2017-04-18|20|0
295|1|1|3659|2017-04-18|10|0
296|1|1|3659|2017-04-18|3|0
297|1|1|3659|2017-04-18|22|0
298|1|1|3659|2017-04-18|3|0
299|1|1|3659|2017-04-18|13|0
300|1|1|3659|2017-04-18|24|0
301|2|1|3616|2017-04-14|16|0
302|2|1|3616|2017-04-14|18|0
303|2|1|3616|2017-04-14|6|0
304|2|1|3616|2017-04-14|8|0
305|2|1|3616|2017-04-14|8|0
306|2|1|3616|2017-04-14|19|0
307|2|1|3618|2017-04-14|22|0
308|2|1|3618|2017-04-14|1|0
309|2|1|3618|2017-04-14|4|0
310|2|1|3618|2017-04-14|17|0
311|2|1|3618|2017-04-14|15|0
312|2|1|3618|2017-04-14|17|0
313|2|1|3652|2017-04-14|14|0
314|2|1|3652|2017-04-14|24|0
315|2|1|3652|2017-04-14|21|0
316|2|1|3652|2017-04-14|22|0
317|2|1|3652|2017-04-14|17|0
318|2|1|3652|2017-04-14|2|0
319|2|1|3653|2017-04-14|16|0
320|2|1|3653|2017-04-14|16|0
321|2|1|3653|2017-04-14|7|0
322|2|1|3653|2017-04-14|17|0
323|2|1|3653|2017-04-14|14|0
324|2|1|3653|2017-04-14|11|0
325|2|1|3654|2017-04-14|23|0
326|2|1|3654|2017-04-14|6|0
327|2|1|3654|2017-04-14|15|0
328|2|1|3654|2017-04-14|17|0
329|2|1|3654|2017-04-14|20|0
330|2|1|3654|2017-04-14|19|0
331|2|1|3655|2017-04-14|2|0
332|2|1|3655|2017-04-14|17|0
333|2|1|3655|2017-04-14|1|0
334|2|1|3655|2017-04-14|19|0
335|2|1|3655|2017-04-14|4|0
336|2|1|3655|2017-04-14|16|0
337|2|1|3656|2017-04-14|9|0
338|2|1|3656|2017-04-14|4|0
339|2|1|3656|2017-04-14|24|0
340|2|1|3656|2017-04-14|18|0
341|2|1|3656|2017-04-14|3|0
342|2|1|3656|2017-04-14|6|0
343|2|1|3657|2017-04-14|2|0
344|2|1|3657|2017-04-14|21|0
345|2|1|3657|2017-04-14|10|0
346|2|1|3657|2017-04-14|3|0
347|2|1|3657|2017-04-14|22|0
348|2|1|3657|2017-04-14|11|0
349|2|1|3658|2017-04-14|2|0
350|2|1|3658|2017-04-14|19|0
351|2|1|3658|2017-04-14|22|0
352|2|1|3658|2017-04-14|18|0
353|2|1|3658|2017-04-14|22|0
354|2|1|3658|2017-04-14|10|0
355|2|1|3659|2017-04-14|8|0
356|2|1|3659|2017-04-14|1|0
357|2|1|3659|2017-04-14|15|0
358|2|1|3659|2017-04-14|16|0
359|2|1|3659|2017-04-14|5|0
360|2|1|3659|2017-04-14|9|0
361|2|1|3617|2017-04-15|15|0
362|2|1|3617|2017-04-15|6|0
363|2|1|3617|2017-04-15|22|0
364|2|1|3617|2017-04-15|13|0
365|2|1|3617|2017-04-15|20|0
366|2|1|3617|2017-04-15|24|0
367|2|1|3619|2017-04-15|18|0
368|2|1|3619|2017-04-15|16|0
369|2|1|3619|2017-04-15|15|0
370|2|1|3619|2017-04-15|19|0
371|2|1|3619|2017-04-15|2|0
372|2|1|3619|2017-04-15|18|0
373|2|1|3652|2017-04-15|12|0
374|2|1|3652|2017-04-15|12|0
375|2|1|3652|2017-04-15|13|0
376|2|1|3652|2017-04-15|14|0
377|2|1|3652|2017-04-15|21|0
378|2|1|3652|2017-04-15|10|0
379|2|1|3653|2017-04-15|23|0
380|2|1|3653|2017-04-15|3|0
381|2|1|3653|2017-04-15|7|0
382|2|1|3653|2017-04-15|9|0
383|2|1|3653|2017-04-15|4|0
384|2|1|3653|2017-04-15|21|0
385|2|1|3654|2017-04-15|13|0
386|2|1|3654|2017-04-15|4|0
387|2|1|3654|2017-04-15|11|0
388|2|1|3654|2017-04-15|7|0
389|2|1|3654|2017-04-15|11|0
390|2|1|3654|2017-04-15|6|0
391|2|1|3655|2017-04-15|21|0
392|2|1|3655|2017-04-15|16|0
393|2|1|3655|2017-04-15|19|0
394|2|1|3655|2017-04-15|13|0
395|2|1|3655|2017-04-15|5|0
396|2|1|3655|2017-04-15|7|0
397|2|1|3656|2017-04-15|19|0
398|2|1|3656|2017-04-15|4|0
399|2|1|3656|2017-04-15|1|0
400|2|1|3656|2017-04-15|12|0
401|2|1|3656|2017-04-15|16|0
402|2|1|3656|2017-04-15|20|0
403|2|1|3657|2017-04-15|23|0
404|2|1|3657|2017-04-15|12|0
405|2|1|3657|2017-04-15|12|0
406|2|1|3657|2017-04-15|22|0
407|2|1|3657|2017-04-15|11|0
408|2|1|3657|2017-04-15|16|0
409|2|1|3658|2017-04-15|10|0
410|2|1|3658|2017-04-15|15|0
411|2|1|3658|2017-04-15|4|0
412|2|1|3658|2017-04-15|19|0
413|2|1|3658|2017-04-15|2|0
414|2|1|3658|2017-04-15|16|0
415|2|1|3659|2017-04-15|7|0
416|2|1|3659|2017-04-15|14|0
417|2|1|3659|2017-04-15|16|0
418|2|1|3659|2017-04-15|17|0
419|2|1|3659|2017-04-15|10|0
420|2|1|3659|2017-04-15|18|0
421|2|1|3618|2017-04-16|23|0
422|2|1|3618|2017-04-16|10|0
423|2|1|3618|2017-04-16|19|0
424|2|1|3618|2017-04-16|2|0
425|2|1|3618|2017-04-16|11|0
426|2|1|3618|2017-04-16|6|0
427|2|1|3620|2017-04-16|17|0
428|2|1|3620|2017-04-16|2|0
429|2|1|3620|2017-04-16|4|0
430|2|1|3620|2017-04-16|12|0
431|2|1|3620|2017-04-16|8|0
432|2|1|3620|2017-04-16|15|0
433|2|1|3652|2017-04-16|7|0
434|2|1|3652|2017-04-16|11|0
435|2|1|3652|2017-04-16|10|0
436|2|1|3652|2017-04-16|13|0
437|2|1|3652|2017-04-16|22|0
438|2|1|3652|2017-04-16|17|0
439|2|1|3653|2017-04-16|9|0
440|2|1|3653|2017-04-16|23|0
441|2|1|3653|2017-04-16|7|0
442|2|1|3653|2017-04-16|16|0
443|2|1|3653|2017-04-16|17|0
444|2|1|3653|2017-04-16|14|0
445|2|1|3654|2017-04-16|10|0
446|2|1|3654|2017-04-16|6|0
447|2|1|3654|2017-04-16|2|0
448|2|1|3654|2017-04-16|1|0
449|2|1|3654|2017-04-16|11|0
450|2|1|3654|2017-04-16|15|0
451|2|1|3655|2017-04-16|3|0
452|2|1|3655|2017-04-16|6|0
453|2|1|3655|2017-04-16|16|0
454|2|1|3655|2017-04-16|17|0
455|2|1|3655|2017-04-16|18|0
456|2|1|3655|2017-04-16|2|0
457|2|1|3656|2017-04-16|13|0
458|2|1|3656|2017-04-16|4|0
459|2|1|3656|2017-04-16|8|0
460|2|1|3656|2017-04-16|10|0
461|2|1|3656|2017-04-16|3|0
462|2|1|3656|2017-04-16|20|0
463|2|1|3657|2017-04-16|17|0
464|2|1|3657|2017-04-16|15|0
465|2|1|3657|2017-04-16|7|0
466|2|1|3657|2017-04-16|4|0
467|2|1|3657|2017-04-16|17|0
468|2|1|3657|2017-04-16|24|0
469|2|1|3658|2017-04-16|6|0
470|2|1|3658|2017-04-16|1|0
471|2|1|3658|2017-04-16|10|0
472|2|1|3658|2017-04-16|14|0
473|2|1|3658|2017-04-16|6|0
474|2|1|3658|2017-04-16|16|0
475|2|1|3659|2017-04-16|10|0
476|2|1|3659|2017-04-16|17|0
477|2|1|3659|2017-04-16|24|0
478|2|1|3659|2017-04-16|5|0
479|2|1|3659|2017-04-16|17|0
480|2|1|3659|2017-04-16|10|0
481|2|1|3619|2017-04-17|10|0
482|2|1|3619|2017-04-17|17|0
483|2|1|3619|2017-04-17|17|0
484|2|1|3619|2017-04-17|21|0
485|2|1|3619|2017-04-17|17|0
486|2|1|3619|2017-04-17|7|0
487|2|1|3621|2017-04-17|22|0
488|2|1|3621|2017-04-17|14|0
489|2|1|3621|2017-04-17|19|0
490|2|1|3621|2017-04-17|19|0
491|2|1|3621|2017-04-17|13|0
492|2|1|3621|2017-04-17|4|0
493|2|1|3652|2017-04-17|2|0
494|2|1|3652|2017-04-17|7|0
495|2|1|3652|2017-04-17|24|0
496|2|1|3652|2017-04-17|14|0
497|2|1|3652|2017-04-17|5|0
498|2|1|3652|2017-04-17|12|0
499|2|1|3653|2017-04-17|7|0
500|2|1|3653|2017-04-17|17|0
501|2|1|3653|2017-04-17|8|0
502|2|1|3653|2017-04-17|17|0
503|2|1|3653|2017-04-17|11|0
504|2|1|3653|2017-04-17|11|0
505|2|1|3654|2017-04-17|12|0
506|2|1|3654|2017-04-17|19|0
507|2|1|3654|2017-04-17|19|0
508|2|1|3654|2017-04-17|15|0
509|2|1|3654|2017-04-17|2|0
510|2|1|3654|2017-04-17|1|0
511|2|1|3655|2017-04-17|18|0
512|2|1|3655|2017-04-17|21|0
513|2|1|3655|2017-04-17|8|0
514|2|1|3655|2017-04-17|3|0
515|2|1|3655|2017-04-17|8|0
516|2|1|3655|2017-04-17|13|0
517|2|1|3656|2017-04-17|22|0
518|2|1|3656|2017-04-17|15|0
519|2|1|3656|2017-04-17|4|0
520|2|1|3656|2017-04-17|16|0
521|2|1|3656|2017-04-17|18|0
522|2|1|3656|2017-04-17|7|0
523|2|1|3657|2017-04-17|19|0
524|2|1|3657|2017-04-17|4|0
525|2|1|3657|2017-04-17|23|0
526|2|1|3657|2017-04-17|18|0
527|2|1|3657|2017-04-17|11|0
528|2|1|3657|2017-04-17|10|0
529|2|1|3658|2017-04-17|4|0
530|2|1|3658|2017-04-17|5|0
531|2|1|3658|2017-04-17|8|0
532|2|1|3658|2017-04-17|5|0
533|2|1|3658|2017-04-17|9|0
534|2|1|3658|2017-04-17|22|0
535|2|1|3659|2017-04-17|7|0
536|2|1|3659|2017-04-17|16|0
537|2|1|3659|2017-04-17|21|0
538|2|1|3659|2017-04-17|21|0
539|2|1|3659|2017-04-17|9|0
540|2|1|3659|2017-04-17|21|0
541|2|1|3620|2017-04-18|19|0
542|2|1|3620|2017-04-18|16|0
543|2|1|3620|2017-04-18|22|0
544|2|1|3620|2017-04-18|6|0
545|2|1|3620|2017-04-18|2|0
546|2|1|3620|2017-04-18|9|0
547|2|1|3622|2017-04-18|3|0
548|2|1|3622|2017-04-18|2|0
549|2|1|3622|2017-04-18|3|0
550|2|1|3622|2017-04-18|14|0
551|2|1|3622|2017-04-18|7|0
552|2|1|3622|2017-04-18|6|0
553|2|1|3652|2017-04-18|14|0
554|2|1|3652|2017-04-18|20|0
555|2|1|3652|2017-04-18|24|0
556|2|1|3652|2017-04-18|23|0
557|2|1|3652|2017-04-18|5|0
558|2|1|3652|2017-04-18|1|0
559|2|1|3653|2017-04-18|19|0
560|2|1|3653|2017-04-18|5|0
561|2|1|3653|2017-04-18|2|0
562|2|1|3653|2017-04-18|5|0
563|2|1|3653|2017-04-18|16|0
564|2|1|3653|2017-04-18|23|0
565|2|1|3654|2017-04-18|4|0
566|2|1|3654|2017-04-18|4|0
567|2|1|3654|2017-04-18|11|0
568|2|1|3654|2017-04-18|11|0
569|2|1|3654|2017-04-18|4|0
570|2|1|3654|2017-04-18|3|0
571|2|1|3655|2017-04-18|14|0
572|2|1|3655|2017-04-18|13|0
573|2|1|3655|2017-04-18|7|0
574|2|1|3655|2017-04-18|4|0
575|2|1|3655|2017-04-18|21|0
576|2|1|3655|2017-04-18|1|0
577|2|1|3656|2017-04-18|4|0
578|2|1|3656|2017-04-18|23|0
579|2|1|3656|2017-04-18|8|0
580|2|1|3656|2017-04-18|7|0
581|2|1|3656|2017-04-18|21|0
582|2|1|3656|2017-04-18|7|0
583|2|1|3657|2017-04-18|12|0
584|2|1|3657|2017-04-18|18|0
585|2|1|3657|2017-04-18|19|0
586|2|1|3657|2017-04-18|23|0
587|2|1|3657|2017-04-18|7|0
588|2|1|3657|2017-04-18|18|0
589|2|1|3658|2017-04-18|8|0
590|2|1|3658|2017-04-18|7|0
591|2|1|3658|2017-04-18|22|0
592|2|1|3658|2017-04-18|4|0
593|2|1|3658|2017-04-18|1|0
594|2|1|3658|2017-04-18|23|0
595|2|1|3659|2017-04-18|18|0
596|2|1|3659|2017-04-18|3|0
597|2|1|3659|2017-04-18|6|0
598|2|1|3659|2017-04-18|22|0
599|2|1|3659|2017-04-18|2|0
600|2|1|3659|2017-04-18|14|0
601|3|1|3616|2017-04-14|2|0
602|3|1|3616|2017-04-14|11|0
603|3|1|3616|2017-04-14|12|0
604|3|1|3616|2017-04-14|5|0
605|3|1|3616|2017-04-14|8|0
606|3|1|3616|2017-04-14|20|0
607|3|1|3618|2017-04-14|13|0
608|3|1|3618|2017-04-14|10|0
609|3|1|3618|2017-04-14|19|0
610|3|1|3618|2017-04-14|11|0
611|3|1|3618|2017-04-14|9|0
612|3|1|3618|2017-04-14|14|0
613|3|1|3652|2017-04-14|10|0
614|3|1|3652|2017-04-14|2|0
615|3|1|3652|2017-04-14|3|0
616|3|1|3652|2017-04-14|3|0
617|3|1|3652|2017-04-14|5|0
618|3|1|3652|2017-04-14|8|0
619|3|1|3653|2017-04-14|19|0
620|3|1|3653|2017-04-14|12|0
621|3|1|3653|2017-04-14|6|0
622|3|1|3653|2017-04-14|16|0
623|3|1|3653|2017-04-14|14|0
624|3|1|3653|2017-04-14|18|0
625|3|1|3654|2017-04-14|22|0
626|3|1|3654|2017-04-14|16|0
627|3|1|3654|2017-04-14|22|0
628|3|1|3654|2017-04-14|21|0
629|3|1|3654|2017-04-14|8|0
630|3|1|3654|2017-04-14|2|0
631|3|1|3655|2017-04-14|21|0
632|3|1|3655|2017-04-14|21|0
633|3|1|3655|2017-04-14|8|0
634|3|1|3655|2017-04-14|8|0
635|3|1|3655|2017-04-14|2|0
636|3|1|3655|2017-04-14|17|0
637|3|1|3656|2017-04-14|22|0
638|3|1|3656|2017-04-14|24|0
639|3|1|3656|2017-04-14|6|0
640|3|1|3656|2017-04-14|22|0
641|3|1|3656|2017-04-14|13|0
642|3|1|3656|2017-04-14|7|0
643|3|1|3657|2017-04-14|22|0
644|3|1|3657|2017-04-14|17|0
645|3|1|3657|2017-04-14|19|0
646|3|1|3657|2017-04-14|10|0
647|3|1|3657|2017-04-14|21|0
648|3|1|3657|2017-04-14|9|0
649|3|1|3658|2017-04-14|21|0
650|3|1|3658|2017-04-14|7|0
651|3|1|3658|2017-04-14|12|0
652|3|1|3658|2017-04-14|11|0
653|3|1|3658|2017-04-14|1|0
654|3|1|3658|2017-04-14|2|0
655|3|1|3659|2017-04-14|9|0
656|3|1|3659|2017-04-14|24|0
657|3|1|3659|2017-04-14|7|0
658|3|1|3659|2017-04-14|4|0
659|3|1|3659|2017-04-14|10|0
660|3|1|3659|2017-04-14|12|0
661|3|1|3617|2017-04-15|4|0
662|3|1|3617|2017-04-15|5|0
663|3|1|3617|2017-04-15|4|0
664|3|1|3617|2017-04-15|13|0
665|3|1|3617|2017-04-15|4|0
666|3|1|3617|2017-04-15|2|0
667|3|1|3619|2017-04-15|4|0
668|3|1|3619|2017-04-15|4|0
669|3|1|3619|2017-04-15|19|0
670|3|1|3619|2017-04-15|2|0
671|3|1|3619|2017-04-15|17|0
672|3|1|3619|2017-04-15|16|0
673|3|1|3652|2017-04-15|1|0
674|3|1|3652|2017-04-15|10|0
675|3|1|3652|2017-04-15|21|0
676|3|1|3652|2017-04-15|13|0
677|3|1|3652|2017-04-15|16|0
678|3|1|3652|2017-04-15|24|0
679|3|1|3653|2017-04-15|14|0
680|3|1|3653|2017-04-15|4|0
681|3|1|3653|2017-04-15|3|0
682|3|1|3653|2017-04-15|21|0
683|3|1|3653|2017-04-15|13|0
684|3|1|3653|2017-04-15|20|0
685|3|1|3654|2017-04-15|12|0
686|3|1|3654|2017-04-15|20|0
687|3|1|3654|2017-04-15|17|0
688|3|1|3654|2017-04-15|22|0
689|3|1|3654|2017-04-15|18|0
690|3|1|3654|2017-04-15|23|0
691|3|1|3655|2017-04-15|1|0
692|3|1|3655|2017-04-15|6|0
693|3|1|3655|2017-04-15|22|0
694|3|1|3655|2017-04-15|8|0
695|3|1|3655|2017-04-15|5|0
696|3|1|3655|2017-04-15|5|0
697|3|1|3656|2017-04-15|24|0
698|3|1|3656|2017-04-15|5|0
699|3|1|3656|2017-04-15|15|0
700|3|1|3656|2017-04-15|12|0
701|3|1|3656|2017-04-15|11|0
702|3|1|3656|2017-04-15|21|0
703|3|1|3657|2017-04-15|20|0
704|3|1|3657|2017-04-15|11|0
705|3|1|3657|2017-04-15|1|0
706|3|1|3657|2017-04-15|7|0
707|3|1|3657|2017-04-15|9|0
708|3|1|3657|2017-04-15|7|0
709|3|1|3658|2017-04-15|20|0
710|3|1|3658|2017-04-15|17|0
711|3|1|3658|2017-04-15|3|0
712|3|1|3658|2017-04-15|17|0
713|3|1|3658|2017-04-15|11|0
714|3|1|3658|2017-04-15|14|0
715|3|1|3659|2017-04-15|23|0
716|3|1|3659|2017-04-15|19|0
717|3|1|3659|2017-04-15|5|0
718|3|1|3659|2017-04-15|1|0
719|3|1|3659|2017-04-15|11|0
720|3|1|3659|2017-04-15|22|0
721|3|1|3618|2017-04-16|5|0
722|3|1|3618|2017-04-16|22|0
723|3|1|3618|2017-04-16|7|0
724|3|1|3618|2017-04-16|8|0
725|3|1|3618|2017-04-16|17|0
726|3|1|3618|2017-04-16|24|0
727|3|1|3620|2017-04-16|19|0
728|3|1|3620|2017-04-16|9|0
729|3|1|3620|2017-04-16|1|0
730|3|1|3620|2017-04-16|13|0
731|3|1|3620|2017-04-16|15|0
732|3|1|3620|2017-04-16|20|0
733|3|1|3652|2017-04-16|1|0
734|3|1|3652|2017-04-16|13|0
735|3|1|3652|2017-04-16|1|0
736|3|1|3652|2017-04-16|2|0
737|3|1|3652|2017-04-16|3|0
738|3|1|3652|2017-04-16|9|0
739|3|1|3653|2017-04-16|14|0
740|3|1|3653|2017-04-16|1|0
741|3|1|3653|2017-04-16|4|0
742|3|1|3653|2017-04-16|9|0
743|3|1|3653|2017-04-16|8|0
744|3|1|3653|2017-04-16|4|0
745|3|1|3654|2017-04-16|9|0
746|3|1|3654|2017-04-16|22|0
747|3|1|3654|2017-04-16|16|0
748|3|1|3654|2017-04-16|5|0
749|3|1|3654|2017-04-16|22|0
750|3|1|3654|2017-04-16|6|0
751|3|1|3655|2017-04-16|1|0
752|3|1|3655|2017-04-16|6|0
753|3|1|3655|2017-04-16|18|0
754|3|1|3655|2017-04-16|5|0
755|3|1|3655|2017-04-16|9|0
756|3|1|3655|2017-04-16|12|0
757|3|1|3656|2017-04-16|3|0
758|3|1|3656|2017-04-16|16|0
759|3|1|3656|2017-04-16|4|0
760|3|1|3656|2017-04-16|4|0
761|3|1|3656|2017-04-16|17|0
762|3|1|3656|2017-04-16|22|0
763|3|1|3657|2017-04-16|14|0
764|3|1|3657|2017-04-16|8|0
765|3|1|3657|2017-04-16|18|0
766|3|1|3657|2017-04-16|23|0
767|3|1|3657|2017-04-16|5|0
768|3|1|3657|2017-04-16|10|0
769|3|1|3658|2017-04-16|10|0
770|3|1|3658|2017-04-16|6|0
771|3|1|3658|2017-04-16|9|0
772|3|1|3658|2017-04-16|9|0
773|3|1|3658|2017-04-16|20|0
774|3|1|3658|2017-04-16|19|0
775|3|1|3659|2017-04-16|1|0
776|3|1|3659|2017-04-16|17|0
777|3|1|3659|2017-04-16|1|0
778|3|1|3659|2017-04-16|9|0
779|3|1|3659|2017-04-16|4|0
780|3|1|3659|2017-04-16|21|0
781|3|1|3619|2017-04-17|11|0
782|3|1|3619|2017-04-17|22|0
783|3|1|3619|2017-04-17|16|0
784|3|1|3619|2017-04-17|16|0
785|3|1|3619|2017-04-17|7|0
786|3|1|3619|2017-04-17|1|0
787|3|1|3621|2017-04-17|2|0
788|3|1|3621|2017-04-17|17|0
789|3|1|3621|2017-04-17|14|0
790|3|1|3621|2017-04-17|5|0
791|3|1|3621|2017-04-17|18|0
792|3|1|3621|2017-04-17|4|0
793|3|1|3652|2017-04-17|14|0
794|3|1|3652|2017-04-17|12|0
795|3|1|3652|2017-04-17|10|0
796|3|1|3652|2017-04-17|12|0
797|3|1|3652|2017-04-17|17|0
798|3|1|3652|2017-04-17|15|0
799|3|1|3653|2017-04-17|12|0
800|3|1|3653|2017-04-17|23|0
801|3|1|3653|2017-04-17|18|0
802|3|1|3653|2017-04-17|17|0
803|3|1|3653|2017-04-17|5|0
804|3|1|3653|2017-04-17|3|0
805|3|1|3654|2017-04-17|7|0
806|3|1|3654|2017-04-17|20|0
807|3|1|3654|2017-04-17|10|0
808|3|1|3654|2017-04-17|20|0
809|3|1|3654|2017-04-17|15|0
810|3|1|3654|2017-04-17|3|0
811|3|1|3655|2017-04-17|5|0
812|3|1|3655|2017-04-17|15|0
813|3|1|3655|2017-04-17|18|0
814|3|1|3655|2017-04-17|22|0
815|3|1|3655|2017-04-17|20|0
816|3|1|3655|2017-04-17|16|0
817|3|1|3656|2017-04-17|23|0
818|3|1|3656|2017-04-17|4|0
819|3|1|3656|2017-04-17|14|0
820|3|1|3656|2017-04-17|24|0
821|3|1|3656|2017-04-17|14|0
822|3|1|3656|2017-04-17|3|0
823|3|1|3657|2017-04-17|11|0
824|3|1|3657|2017-04-17|11|0
825|3|1|3657|2017-04-17|19|0
826|3|1|3657|2017-04-17|11|0
827|3|1|3657|2017-04-17|15|0
828|3|1|3657|2017-04-17|13|0
829|3|1|3658|2017-04-17|19|0
830|3|1|3658|2017-04-17|16|0
831|3|1|3658|2017-04-17|2|0
832|3|1|3658|2017-04-17|12|0
833|3|1|3658|2017-04-17|7|0
834|3|1|3658|2017-04-17|14|0
835|3|1|3659|2017-04-17|15|0
836|3|1|3659|2017-04-17|1|0
837|3|1|3659|2017-04-17|18|0
838|3|1|3659|2017-04-17|7|0
839|3|1|3659|2017-04-17|23|0
840|3|1|3659|2017-04-17|16|0
841|3|1|3620|2017-04-18|8|0
842|3|1|3620|2017-04-18|24|0
843|3|1|3620|2017-04-18|1|0
844|3|1|3620|2017-04-18|7|0
845|3|1|3620|2017-04-18|13|0
846|3|1|3620|2017-04-18|9|0
847|3|1|3622|2017-04-18|9|0
848|3|1|3622|2017-04-18|12|0
849|3|1|3622|2017-04-18|6|0
850|3|1|3622|2017-04-18|19|0
851|3|1|3622|2017-04-18|2|0
852|3|1|3622|2017-04-18|7|0
853|3|1|3652|2017-04-18|24|0
854|3|1|3652|2017-04-18|5|0
855|3|1|3652|2017-04-18|9|0
856|3|1|3652|2017-04-18|14|0
857|3|1|3652|2017-04-18|12|0
858|3|1|3652|2017-04-18|7|0
859|3|1|3653|2017-04-18|16|0
860|3|1|3653|2017-04-18|22|0
861|3|1|3653|2017-04-18|20|0
862|3|1|3653|2017-04-18|23|0
863|3|1|3653|2017-04-18|11|0
864|3|1|3653|2017-04-18|23|0
865|3|1|3654|2017-04-18|5|0
866|3|1|3654|2017-04-18|1|0
867|3|1|3654|2017-04-18|18|0
868|3|1|3654|2017-04-18|9|0
869|3|1|3654|2017-04-18|16|0
870|3|1|3654|2017-04-18|9|0
871|3|1|3655|2017-04-18|12|0
872|3|1|3655|2017-04-18|3|0
873|3|1|3655|2017-04-18|14|0
874|3|1|3655|2017-04-18|20|0
875|3|1|3655|2017-04-18|20|0
876|3|1|3655|2017-04-18|2|0
877|3|1|3656|2017-04-18|24|0
878|3|1|3656|2017-04-18|4|0
879|3|1|3656|2017-04-18|19|0
880|3|1|3656|2017-04-18|14|0
881|3|1|3656|2017-04-18|17|0
882|3|1|3656|2017-04-18|19|0
883|3|1|3657|2017-04-18|2|0
884|3|1|3657|2017-04-18|24|0
885|3|1|3657|2017-04-18|8|0
886|3|1|3657|2017-04-18|23|0
887|3|1|3657|2017-04-18|9|0
888|3|1|3657|2017-04-18|8|0
889|3|1|3658|2017-04-18|13|0
890|3|1|3658|2017-04-18|12|0
891|3|1|3658|2017-04-18|1|0
892|3|1|3658|2017-04-18|12|0
893|3|1|3658|2017-04-18|23|0
894|3|1|3658|2017-04-18|7|0
895|3|1|3659|2017-04-18|19|0
896|3|1|3659|2017-04-18|10|0
897|3|1|3659|2017-04-18|16|0
898|3|1|3659|2017-04-18|22|0
899|3|1|3659|2017-04-18|3|0
900|3|1|3659|2017-04-18|22|0
901|1|1|3616|2017-04-16|10|0
902|1|1|3616|2017-04-17|5|0
903|1|1|3616|2017-04-18|7|0
904|1|1|3616|2017-04-19|6|0
